26 40
19 41
39 277
19 138
90 179
188 252
213 324
72 239
40 298
109 324
13 109
144 151
239 252
85 322
9 200
26 212
239 261
109 122
200 239
66 334
188 304
142 323
1 280
189 217
145 179
36 197
126 322
45 142
172 239
271 323
326 343
13 325
325 342
95 327
40 142
225 227
122 161
80 194
31 304
19 319
21 334
67 109
99 225
170 274
67 345
53 299
218 328
25 252
98 211
26 239
236 276
64 171
169 318
142 332
313 315
135 197
109 200
128 252
159 345
186 252
113 158
17 137
28 151
230 253
165 200
25 51
290 342
271 298
120 247
91 110
56 104
21 252
72 199
22 168
88 303
31 168
302 346
53 260
103 252
119 329
98 332
199 322
16 172
238 313
9 67
200 252
82 170
76 270
144 326
79 119
134 252
104 122
304 322
273 275
181 195
67 277
103 136
56 261
56 252
2 116
258 272
30 224
194 249
8 91
203 308
21 235
21 159
324 340
232 239
144 226
304 325
82 222
55 203
185 322
32 137
20 162
239 276
188 290
39 257
9 276
219 319
124 157
1 53
62 200
118 325
208 285
170 268
163 173
78 195
130 213
105 236
56 60
118 200
172 211
56 103
133 224
21 98
169 252
25 56
55 252
252 324
21 274
186 285
98 276
56 298
36 108
35 143
280 291
89 319
39 105
40 239
1 126
62 130
246 304
130 329
280 332
137 214
78 306
7 347
185 297
308 334
55 122
263 296
103 285
98 261
24 299
88 186
170 260
304 347
169 248
100 269
122 156
3 200
53 180
124 170
312 326
118 161
98 103
119 203
252 325
38 248
26 113
2 343
309 320
4 152
16 332
67 185
26 236
9 272
21 26
238 265
21 161
67 265
48 320
85 176
222 325
3 280
129 291
118 134
2 20
21 108
29 247
96 190
41 93
92 302
271 272
218 306
104 325
211 239
122 213
188 342
84 237
123 239
155 157
178 206
3 67
184 309
67 119
271 291
122 176
200 323
5 204
53 54
87 246
185 285
56 272
122 248
181 275
266 346
20 44
82 121
313 314
121 280
56 161
65 297
133 315
19 343
122 170
26 161
188 341
172 329
192 205
13 332
109 331
21 212
131 225
184 320
211 342
304 334
84 313
26 72
9 75
172 223
308 322
5 315
55 200
212 252
48 332
118 265
80 242
159 284
131 177
67 239
315 324
236 297
109 285
22 87
45 303
21 104
231 280
148 271
271 280
211 285
194 266
25 69
109 169
19 115
246 339
271 313
26 185
108 272
203 223
284 320
118 203
172 252
119 323
40 334
96 274
211 223
123 200
132 334
300 346
251 281
5 235
70 230
170 313
19 289
9 85
67 212
149 226
109 314
9 185
9 271
118 252
20 343
56 172
99 131
53 242
261 271
334 339
64 217
184 284
303 315
9 122
45 322
80 346
67 141
175 263
25 231
104 203
26 186
56 199
150 163
184 329
8 245
25 88
82 203
252 291
9 186
272 304
30 322
204 213
95 319
59 82
260 322
109 277
113 132
143 177
53 88
64 189
25 236
9 323
78 181
104 109
221 322
239 304
8 110
173 202
130 346
106 238
187 249
178 345
67 186
26 104
68 263
200 223
19 227
87 322
60 291
25 40
265 325
5 187
50 277
311 325
25 239
177 278
118 313
175 296
9 258
130 257
195 218
103 172
56 63
3 228
200 332
170 323
139 184
187 266
67 203
30 56
121 315
94 346
1 133
21 251
122 188
53 130
80 187
134 199
92 330
119 170
134 238
46 177
280 315
66 304
23 61
99 175
176 188
48 203
24 266
116 140
204 330
159 184
186 271
78 273
128 150
133 232
285 304
22 308
128 322
180 187
122 123
63 271
304 315
23 155
238 239
38 322
56 222
30 48
25 336
113 304
67 334
85 258
21 223
291 315
17 115
62 322
7 31
40 304
7 168
67 142
59 252
211 325
56 213
238 271
223 261
182 253
26 285
101 242
28 41
53 346
277 322
113 313
119 325
152 339
252 345
80 315
25 246
163 249
252 277
56 170
142 277
122 315
28 310
14 151
45 186
67 113
29 203
26 322
31 129
116 144
105 315
121 236
78 218
72 298
82 123
272 297
21 322
116 343
115 137
200 322
200 304
27 329
315 339
13 199
225 278
199 291
172 199
200 324
203 304
158 322
184 197
104 212
3 25
36 135
180 346
158 339
239 295
21 184
7 322
1 48
7 38
13 342
246 322
281 309
26 223
67 199
142 169
57 277
266 302
25 94
140 214
314 342
136 285
80 204
142 188
98 141
119 261
25 323
197 284
172 308
9 128
56 200
89 219
62 318
272 320
113 277
170 277
69 121
85 274
239 313
136 246
213 315
68 225
285 313
149 162
224 291
175 177
322 323
128 313
28 140
86 278
21 232
180 299
53 213
10 291
94 204
53 248
26 56
115 144
2 326
60 313
66 134
40 274
31 142
26 66
186 200
53 194
84 236
9 141
45 104
31 291
48 73
21 119
203 265
109 148
25 104
26 298
20 115
59 261
245 259
17 144
172 212
158 317
137 312
148 185
174 293
62 141
5 213
127 139
195 273
303 345
45 122
116 312
45 221
5 122
67 169
94 315
17 326
139 284
249 299
40 277
261 342
214 289
186 213
50 109
88 236
13 65
94 266
113 186
285 323
200 276
28 116
218 275
26 291
118 268
118 277
212 298
197 272
122 303
236 271
40 224
170 332
25 76
67 280
1 299
21 281
227 263
242 330
299 300
188 323
261 268
98 104
31 277
25 73
148 339
98 271
41 343
94 320
96 213
21 134
197 251
92 254
3 9
122 136
167 337
25 288
186 199
81 269
200 224
103 211
143 321
19 89
56 186
118 324
29 211
67 72
41 151
170 285
211 313
73 88
86 225
249 304
9 30
24 80
137 243
226 343
158 325
271 342
9 113
108 281
113 285
302 315
204 329
51 83
20 226
30 303
31 67
81 286
94 242
271 318
315 322
119 188
233 256
14 214
118 271
177 227
180 194
84 276
3 188
223 315
14 116
25 26
204 302
141 199
19 214
229 334
119 208
40 169
1 236
175 321
166 202
49 192
118 322
9 291
252 265
146 317
31 122
242 322
261 318
232 322
82 314
67 261
82 268
98 342
128 248
26 158
13 236
7 136
101 204
26 248
25 39
203 297
100 150
67 303
105 277
41 140
188 334
57 320
194 254
171 189
102 263
194 299
40 232
17 312
137 337
56 134
126 260
248 332
111 310
98 119
143 227
73 130
224 276
105 280
199 324
46 143
261 297
144 149
40 56
94 249
125 136
83 84
67 315
87 315
103 200
280 329
226 326
119 280
127 251
158 248
339 340
142 252
257 280
40 67
252 322
197 309
236 280
56 128
36 309
56 119
72 165
184 272
168 347
239 277
203 239
28 115
98 304
116 226
26 265
113 169
243 312
113 188
88 322
67 342
87 308
128 199
133 183
41 144
97 230
203 285
9 66
66 308
133 280
127 184
111 326
118 172
136 156
55 123
25 203
111 214
159 197
109 322
271 314
136 304
38 339
130 191
21 304
188 322
82 271
99 102
82 169
25 83
98 285
56 188
98 315
196 204
75 322
136 315
39 200
135 281
142 200
142 297
19 174
118 304
6 95
65 82
119 176
72 200
223 271
26 128
137 326
21 39
56 276
21 342
169 185
285 303
40 257
119 185
180 196
51 84
185 344
33 42
302 330
203 324
196 285
285 332
14 310
40 172
199 342
26 141
54 119
50 314
308 329
31 84
102 296
102 175
95 147
122 345
62 276
40 272
13 172
7 308
67 322
277 294
122 200
185 290
10 285
82 158
66 67
14 28
119 132
272 291
104 142
7 246
230 307
119 297
142 161
139 281
55 104
123 186
187 302
122 261
40 329
277 291
136 324
92 94
137 140
238 261
48 80
113 172
199 325
5 158
188 239
261 265
1 92
66 252
23 227
142 271
32 310
48 199
54 329
123 142
252 297
59 172
187 346
281 284
86 227
41 226
25 270
26 199
55 56
9 26
277 311
259 264
25 280
100 217
56 325
67 122
169 291
257 304
203 338
119 331
40 213
213 246
55 277
203 322
67 285
223 239
101 180
13 313
98 277
13 304
82 261
9 21
200 280
211 272
44 312
108 184
109 295
170 203
199 231
109 239
239 271
224 324
142 334
56 169
72 232
199 288
203 331
185 315
161 213
331 332
134 142
111 343
257 344
78 275
66 142
57 213
122 169
122 142
170 342
80 173
111 312
67 290
277 308
242 266
65 314
26 98
10 200
57 242
135 184
24 94
184 346
322 345
172 265
122 325
65 261
144 343
84 304
188 258
277 334
121 165
45 345
304 308
67 308
193 259
119 324
122 277
104 303
119 163
128 315
104 322
40 72
268 271
200 277
200 236
319 327
299 302
9 72
213 236
257 315
291 329
105 119
239 265
194 242
146 285
232 291
252 280
56 136
77 332
323 332
277 315
21 88
40 280
158 168
131 278
85 271
277 280
199 298
25 232
75 323
104 277
82 199
59 211
203 332
26 308
214 343
29 338
56 342
277 324
204 346
9 224
322 341
170 334
252 313
213 345
132 303
133 141
116 162
56 132
284 329
9 342
172 238
170 186
161 314
188 274
23 190
185 274
67 313
25 105
85 272
25 297
62 122
108 127
98 128
271 297
67 98
165 334
118 238
181 328
3 122
67 248
199 252
159 320
246 285
21 142
2 333
313 325
133 236
98 258
39 280
62 170
50 331
14 144
39 141
59 342
25 84
277 325
91 193
87 161
127 346
170 304
98 291
176 239
23 124
236 272
223 265
199 232
7 304
224 261
72 172
166 173
103 185
62 261
7 103
172 298
13 223
53 302
141 280
132 242
111 137
250 252
82 231
16 118
170 250
185 200
98 148
56 323
118 283
50 334
13 277
62 236
276 322
101 254
67 271
232 276
169 277
211 261
185 280
66 113
120 136
7 291
59 203
56 239
56 297
109 325
186 236
277 339
170 252
21 236
56 291
56 238
4 328
213 224
21 127
1 73
116 214
41 326
72 212
25 65
151 310
260 339
89 147
67 136
91 245
67 161
232 271
161 199
239 285
231 315
56 82
170 200
172 342
324 329
9 25
9 277
119 248
98 122
142 158
7 129
92 266
254 266
203 325
280 322
252 304
3 323
94 254
16 331
188 224
196 330
203 271
67 297
56 141
228 283
67 69
23 230
132 317
3 170
25 130
213 291
53 322
128 265
67 200
180 302
39 121
25 170
60 239
24 92
26 276
25 119
272 285
175 277
194 346
80 213
26 257
118 331
9 69
75 170
162 333
14 115
200 334
158 315
104 113
105 272
141 272
271 285
113 199
142 203
46 175
99 227
139 320
40 307
30 200
13 119
94 194
53 101
221 285
24 302
25 113
50 119
36 127
40 199
238 252
9 295
56 265
40 322
242 299
59 268
123 261
122 272
105 148
169 315
14 20
128 271
56 315
25 221
172 203
17 19
134 304
31 51
13 238
127 197
21 272
165 188
86 175
85 156
109 186
56 290
21 186
220 262
22 324
275 328
67 304
67 236
249 266
135 251
265 342
213 249
56 232
9 56
36 281
123 334
22 158
41 111
170 176
72 272
10 277
9 170
188 297
141 239
24 242
324 332
34 173
154 219
297 323
59 239
236 314
197 281
41 337
123 342
199 203
178 186
129 347
272 329
27 54
272 346
21 105
56 72
122 203
200 232
10 142
48 130
248 323
199 265
9 285
88 336
186 222
94 302
261 313
119 318
258 295
9 105
232 285
30 213
109 158
315 323
14 343
25 322
21 271
60 322
80 320
23 245
16 82
80 299
223 252
141 291
175 227
141 323
96 314
117 280
161 339
103 339
167 243
149 312
96 224
9 341
113 119
26 315
100 119
67 224
149 326
27 324
80 266
25 31
136 308
113 325
13 21
30 236
127 159
119 239
197 329
308 323
53 94
82 313
17 111
223 313
199 238
57 108
72 113
224 232
48 330
40 141
141 224
67 344
113 165
252 272
122 239
170 211
122 224
24 346
274 341
88 106
238 325
1 54
199 314
199 222
25 67
8 259
39 119
58 269
24 101
271 332
213 242
239 338
199 315
213 340
38 332
204 249
115 220
304 332
57 249
115 192
248 252
104 332
64 119
26 304
194 302
75 200
61 193
133 276
310 337
118 342
92 180
139 251
98 200
79 272
216 243
109 119
188 208
129 339
67 134
222 313
184 251
13 252
132 315
115 343
119 200
214 326
56 331
185 271
54 313
40 315
165 169
322 342
169 239
25 79
41 137
161 322
53 315
80 88
40 231
71 307
62 223
119 229
150 324
141 271
79 200
91 259
186 341
269 329
290 322
290 323
239 272
132 277
48 322
4 306
93 337
59 250
178 303
180 249
13 239
98 252
65 118
26 280
214 312
67 75
169 332
19 312
180 266
48 54
85 188
67 104
239 280
56 221
238 342
32 93
25 148
170 290
92 299
164 285
108 320
87 136
2 115
67 324
75 272
188 271
339 347
55 261
186 325
224 322
57 92
200 297
57 204
239 303
196 346
257 295
13 188
180 204
41 115
113 239
115 149
203 334
56 334
14 226
75 188
168 304
40 325
16 29
208 277
26 295
77 231
9 334
304 324
31 338
23 144
73 331
125 169
21 136
21 55
3 274
79 185
169 322
104 318
47 301
62 161
56 59
68 99
40 332
67 118
56 211
128 203
261 325
130 322
213 285
152 181
128 213
8 193
303 322
133 188
177 225
181 306
53 249
223 325
82 84
20 214
127 284
142 285
101 317
9 169
135 309
204 242
130 277
67 196
249 302
143 225
197 320
123 318
149 343
9 176
201 259
19 293
146 339
53 332
196 249
31 109
268 325
40 212
121 169
262 312
72 252
115 140
93 137
22 339
104 271
122 236
62 98
119 313
119 171
99 278
21 284
13 67
56 271
38 141
169 236
258 291
62 199
172 271
92 204
186 277
212 304
277 332
101 249
136 169
41 310
212 295
98 331
280 290
38 117
169 271
248 291
119 122
277 323
122 323
242 302
172 332
67 128
94 101
106 231
119 199
25 285
63 261
122 344
213 303
25 169
136 213
322 339
23 83
227 278
109 332
109 297
66 122
161 258
254 302
1 346
232 280
56 185
257 272
36 251
50 148
13 211
324 331
133 322
139 197
53 266
130 204
148 272
119 271
127 320
159 272
56 67
40 271
25 199
62 323
26 188
313 339
30 331
186 323
98 203
103 323
116 149
24 187
149 333
25 276
212 344
56 231
213 308
136 322
199 239
68 296
109 271
94 300
170 223
72 132
108 284
299 330
84 265
123 252
252 338
58 107
277 290
141 236
196 254
144 312
21 122
50 146
10 169
26 118
65 203
30 304
172 313
122 304
113 291
115 312
26 313
252 285
122 281
66 239
261 285
21 67
117 285
159 277
20 333
122 297
254 299
21 280
9 79
56 322
25 257
98 239
3 283
122 251
186 345
246 308
118 211
92 242
97 182
141 276
231 332
113 261
213 277
72 141
2 226
301 324
132 311
142 236
128 172
200 325
82 252
49 255
178 329
57 302
92 196
308 338
50 113
92 249
21 239
291 339
248 277
13 118
1 322
113 342
67 123
285 345
39 313
200 203
202 329
29 106
92 346
84 224
29 231
211 304
26 277
40 200
203 211
96 323
168 291
108 159
188 272
273 328
62 142
20 312
231 329
137 289
79 252
285 342
306 328
55 239
128 169
9 156
156 295
3 142
224 315
98 172
128 170
132 134
248 311
56 303
251 309
213 272
56 207
21 323
87 339
67 82
186 221
172 231
272 277
200 285
113 148
203 277
232 298
9 304
53 191
227 296
187 242
222 240
280 304
203 238
48 271
329 332
139 159
243 310
249 330
60 285
252 261
168 277
58 171
170 239
65 339
213 322
56 313
220 312
25 185
252 332
226 312
217 324
13 261
195 306
108 197
79 271
17 140
172 331
172 277
211 315
135 320
25 331
53 92
161 277
207 322
55 186
186 223
21 109
40 265
146 148
104 344
88 178
23 116
62 341
170 271
22 347
265 311
211 271
172 261
186 188
63 313
93 167
110 264
112 174
249 315
304 341
199 200
25 200
187 254
27 119
161 271
9 119
24 53
13 82
56 88
236 248
152 275
17 214
186 303
242 249
55 67
132 158
313 342
39 161
67 170
186 322
156 272
9 203
178 322
175 278
30 271
204 277
134 203
277 304
162 312
261 345
67 325
131 227
265 271
28 144
158 304
109 203
23 99
4 273
40 158
21 66
194 196
158 242
9 188
109 229
75 258
137 167
271 290
23 240
113 142
142 170
246 315
223 342
67 323
92 194
82 211
88 164
59 186
89 327
166 198
299 346
5 316
26 123
40 132
199 223
185 272
143 278
31 200
243 337
118 222
56 109
170 188
72 271
271 322
25 72
9 329
40 203
19 112
190 229
115 262
21 200
5 169
19 175
21 25
99 177
100 163
271 277
203 261
119 342
236 315
21 169
41 312
29 82
30 178
32 167
36 284
239 325
195 275
116 326
101 330
113 203
14 312
213 239
252 308
98 265
101 266
200 274
62 186
119 252
214 333
24 57
41 214
21 248
30 329
9 232
82 118
41 230
20 149
56 332
104 188
104 186
265 298
68 175
13 59
26 67
167 310
146 313
161 252
9 252
9 199
165 342
25 272
48 119
199 313
297 322
188 200
48 57
21 56
251 284
122 141
48 88
221 303
77 294
181 218
87 213
226 333
323 341
9 315
5 180
122 128
203 272
98 272
31 83
181 273
127 309
103 169
122 332
14 326
9 134
39 69
80 330
122 252
21 332
212 232
170 341
186 239
109 142
26 332
56 304
333 343
4 78
80 94
50 203
13 265
25 283
148 176
24 249
188 315
160 260
158 232
250 322
136 146
184 281
9 231
115 116
75 85
318 334
8 201
59 325
239 322
26 224
180 242
108 251
7 339
25 290
140 312
31 308
26 55
266 330
122 322
142 345
4 218
94 299
56 277
119 128
30 188
119 189
69 105
22 277
122 271
206 260
128 186
72 329
82 119
158 291
135 284
104 252
109 323
119 269
64 100
80 92
277 285
113 200
178 213
94 187
31 280
176 271
305 312
153 280
39 165
6 319
98 186
236 257
40 317
26 200
7 87
46 278
98 280
312 343
199 211
159 172
239 344
109 118
32 337
23 267
122 235
118 199
62 96
257 258
187 194
224 236
10 332
104 128
3 85
119 339
26 69
208 291
31 252
223 246
14 149
101 187
79 188
188 223
72 291
56 113
26 119
100 189
30 73
158 332
1 119
137 310
94 330
111 279
26 325
275 306
26 323
71 230
80 300
280 323
21 313
78 328
25 103
23 51
200 248
127 281
199 271
62 239
20 326
119 148
57 184
4 181
3 26
51 237
21 123
59 238
22 185
128 211
56 223
55 185
21 277
185 188
148 261
98 238
244 282
99 263
178 231
56 122
9 280
69 236
25 158
102 227
82 318
143 175
169 334
130 300
129 168
29 40
21 165
142 239
10 323
99 296
284 309
24 180
231 291
41 116
169 257
88 242
98 118
186 272
131 143
82 172
36 320
249 346
236 252
62 133
52 192
265 331
68 227
48 126
25 98
24 194
9 161
115 226
271 304
127 135
56 203
320 346
26 109
93 111
56 142
252 315
162 326
106 332
281 320
118 261
239 323
65 252
127 272
82 148
53 330
80 180
25 325
212 271
122 285
21 170
48 299
68 177
53 204
17 310
175 225
291 332
249 254
45 132
82 98
26 142
4 275
104 123
150 171
171 217
265 313
26 176
272 281
272 280
113 122
134 334
142 322
156 258
161 308
119 285
203 270
119 125
5 87
56 285
23 237
13 148
59 98
169 280
188 280
8 264
26 62
104 239
53 146
29 252
258 323
213 231
106 169
134 277
251 320
142 186
106 329
67 156
147 219
26 297
7 213
199 304
21 297
252 334
128 334
1 194
196 266
40 133
98 199
110 259
57 80
67 223
41 44
38 178
82 325
231 232
88 126
203 341
199 261
26 232
9 142
113 134
67 79
26 271
168 339
231 239
117 231
69 304
140 326
200 271
322 329
242 254
141 304
238 324
271 331
4 195
104 200
98 170
83 237
218 273
271 325
48 302
1 315
115 214
176 290
119 332
41 243
80 101
246 340
180 254
56 98
62 224
56 66
21 188
13 56
2 149
142 280
203 268
151 312
44 111
252 342
25 122
203 313
105 257
120 277
59 271
26 203
203 342
224 304
26 172
236 318
25 141
315 345
273 306
21 197
172 232
25 176
136 339
14 41
23 175
109 304
26 134
7 22
26 170
49 241
48 53
26 169
122 276
87 291
100 323
16 261
297 324
25 291
85 323
60 158
17 116
141 172
178 272
236 304
111 337
88 130
142 315
13 26
89 95
271 315
121 206
6 219
56 341
21 203
7 340
128 223
236 303
141 258
31 237
7 315
48 180
211 268
170 322
64 150
6 89
194 204
188 285
172 304
13 98
122 280
211 265
75 304
134 248
7 65
3 72
45 200
25 277
161 304
25 224
300 320
119 146
211 331
172 325
98 113
26 334
13 271
96 133
63 342
186 331
28 312
53 254
213 332
26 122
113 252
9 297
101 299
107 171
98 109
254 346
204 266
82 331
199 212
29 172
204 254
148 224
45 67
101 346
156 235
257 322
170 185
56 62
98 123
44 343
92 187
156 188
122 232
20 41
99 143
128 176
133 271
36 184
147 319
320 329
67 272
188 277
93 310
2 312
142 308
172 268
195 328
277 342
142 303
92 101
113 271
242 346
186 203
187 299
40 258
248 265
10 67
28 326
212 239
140 144
285 315
5 156
113 334
261 314
73 299
311 344
288 315
122 284
234 239
29 118
85 170
75 274
56 118
25 332
20 111
203 315
170 315
53 317
208 332
86 177
148 229
214 230
236 322
101 302
224 271
56 75
17 41
55 170
67 252
188 291
26 252
16 329
115 326
25 188
162 343
40 113
9 148
40 77
109 252
118 239
119 217
271 276
252 271
53 196
21 31
67 213
98 223
21 308
150 217
80 249
211 238
91 201
9 133
330 346
104 295
21 40
62 67
26 79
57 346
98 313
73 126
211 222
280 297
315 329
119 150
122 186
28 149
25 186
77 117
31 339
56 212
82 238
109 303
91 264
159 281
285 322
28 226
21 345
25 271
224 332
150 189
113 121
274 323
67 158
161 325
150 329
26 133
94 180
161 203
21 121
122 274
122 342
25 237
68 143
9 322
67 188
222 238
254 330
6 147
21 325
21 315
141 257
119 277
59 118
103 271
67 332
104 169
98 325
101 194
1 88